12000
20000
15000
22000
12200
23200
21200
19200

Dry run

12000 > 20000   -> Wrong 

12000 (1)
20000 max(0)

20000 > 15000 
12000 > 15000 

12000 (2)
15000 (1)
20000 (0) 

20000 > 22000   -> wrong 

12000 (3)
15000 (2)
20000 (1)
22000 (0)

22000 > 12200 

12000 (4)
12200 (3)
15000 (2)
20000 (1)
22000 (0)

22000 > 23200   -> Wrong 

12000 (5)
12200 (4)
15000 (3)
20000 (2)
22000 (1)
23200 (0)

23200 > 21200

12000 (6)
12200 (5)
15000 (4)
20000 (3)
21200 (2)
22000 (1)
23200 (0)

23200 > 19200  



12000 (7)
12200 (6)
15000 (5)
19200 (4)
20000 (3)
21200 (2)
22000 (1)
23200 (0)

